[Taichi] version 1.7.3, llvm 15.0.7, commit 5ec301be, osx, python 3.8.20
[Taichi] Starting on arch=arm64
Material 1: mu=76923.07692307692, lambda=115384.61538461538, p_mass=0.1220703125
Material 2: mu=76923.07692307692, lambda=115384.61538461538, p_mass=0.1220703125
使用mesh采样方法，先构建最终边界...
总粒子数: 8868
网格大小: 32, 每网格粒子数: 8
网格单元大小: 0.031250
单位面积粒子密度: 8192.00
目标粒子间距: 0.011049
统一边界段长度: 0.005524
构建综合几何边界，按顺序统一处理...
处理第 1 个形状: ellipse (add)
  添加了 227 个边界段（排除后续subtract区域）
处理第 2 个形状: rectangle (subtract)
  添加了 145 个边界段（只保留在add区域内）
  不添加hole点（subtract与add边界相交）
检测边界连接缺口...
发现 4 个边界端点: [(0.09999999999999998, 0.42000000000000004), (0.9, 0.42), (0.09944751381215469, 0.42), (0.9005524861878453, 0.42)]
警告: 发现 4 个端点，需要配对连接
添加连接段 1: (0.09999999999999998, 0.42000000000000004) -> (0.09944751381215469, 0.42) (距离: 0.000552)
添加连接段 2: (0.9, 0.42) -> (0.9005524861878453, 0.42) (距离: 0.000552)
生成的poly文件内容:
==================================================
374 2 0 0
1 0.100000 0.420000
2 0.100038 0.414464
3 0.100153 0.408930
4 0.100345 0.403397
5 0.100613 0.397868
6 0.100957 0.392343
7 0.101378 0.386823
8 0.101876 0.381310
9 0.102449 0.375804
10 0.103099 0.370306
11 0.103825 0.364818
12 0.104626 0.359341
13 0.105504 0.353875
14 0.106456 0.348422
15 0.107485 0.342982
16 0.108588 0.337557
17 0.109767 0.332149
18 0.111020 0.326756
19 0.112347 0.321382
20 0.113749 0.316027
21 0.115225 0.310691
22 0.116775 0.305377
23 0.118398 0.300084
24 0.120094 0.294815
25 0.121863 0.289569
26 0.123704 0.284349
27 0.125617 0.279154
28 0.127602 0.273986
29 0.129659 0.268847
30 0.131786 0.263736
31 0.133984 0.258655
32 0.136252 0.253605
33 0.138589 0.248587
34 0.140996 0.243602
35 0.143472 0.238650
36 0.146016 0.233734
37 0.148627 0.228853
38 0.151306 0.224008
39 0.154052 0.219202
40 0.156864 0.214433
41 0.159742 0.209704
42 0.162685 0.205015
43 0.165692 0.200368
44 0.168764 0.195762
45 0.171899 0.191200
46 0.175097 0.186681
47 0.178357 0.182207
48 0.181678 0.177778
49 0.185061 0.173396
50 0.188504 0.169061
51 0.192007 0.164775
52 0.195568 0.160537
53 0.199188 0.156348
54 0.202866 0.152211
55 0.206600 0.148124
56 0.210391 0.144090
57 0.214237 0.140108
58 0.218138 0.136180
59 0.222092 0.132307
60 0.226100 0.128488
61 0.230161 0.124726
62 0.234273 0.121020
63 0.238436 0.117371
64 0.242649 0.113780
65 0.246912 0.110248
66 0.251223 0.106775
67 0.255581 0.103362
68 0.259987 0.100010
69 0.264438 0.096719
70 0.268935 0.093490
71 0.273476 0.090323
72 0.278060 0.087220
73 0.282686 0.084180
74 0.287355 0.081205
75 0.292064 0.078295
76 0.296812 0.075450
77 0.301600 0.072671
78 0.306426 0.069958
79 0.311289 0.067313
80 0.316188 0.064735
81 0.321122 0.062225
82 0.326090 0.059784
83 0.331092 0.057412
84 0.336126 0.055109
85 0.341192 0.052876
86 0.346288 0.050714
87 0.351413 0.048622
88 0.356567 0.046601
89 0.361748 0.044652
90 0.366956 0.042774
91 0.372189 0.040969
92 0.377447 0.039237
93 0.382728 0.037577
94 0.388031 0.035991
95 0.393357 0.034478
96 0.398702 0.033039
97 0.404067 0.031674
98 0.409450 0.030384
99 0.414851 0.029168
100 0.420268 0.028027
101 0.425700 0.026961
102 0.431147 0.025971
103 0.436606 0.025055
104 0.442078 0.024216
105 0.447561 0.023452
106 0.453054 0.022764
107 0.458556 0.022153
108 0.464066 0.021617
109 0.469582 0.021158
110 0.475105 0.020775
111 0.480632 0.020469
112 0.486163 0.020239
113 0.491697 0.020086
114 0.497232 0.020010
115 0.502768 0.020010
116 0.508303 0.020086
117 0.513837 0.020239
118 0.519368 0.020469
119 0.524895 0.020775
120 0.530418 0.021158
121 0.535934 0.021617
122 0.541444 0.022153
123 0.546946 0.022764
124 0.552439 0.023452
125 0.557922 0.024216
126 0.563394 0.025055
127 0.568853 0.025971
128 0.574300 0.026961
129 0.579732 0.028027
130 0.585149 0.029168
131 0.590550 0.030384
132 0.595933 0.031674
133 0.601298 0.033039
134 0.606643 0.034478
135 0.611969 0.035991
136 0.617272 0.037577
137 0.622553 0.039237
138 0.627811 0.040969
139 0.633044 0.042774
140 0.638252 0.044652
141 0.643433 0.046601
142 0.648587 0.048622
143 0.653712 0.050714
144 0.658808 0.052876
145 0.663874 0.055109
146 0.668908 0.057412
147 0.673910 0.059784
148 0.678878 0.062225
149 0.683812 0.064735
150 0.688711 0.067313
151 0.693574 0.069958
152 0.698400 0.072671
153 0.703188 0.075450
154 0.707936 0.078295
155 0.712645 0.081205
156 0.717314 0.084180
157 0.721940 0.087220
158 0.726524 0.090323
159 0.731065 0.093490
160 0.735562 0.096719
161 0.740013 0.100010
162 0.744419 0.103362
163 0.748777 0.106775
164 0.753088 0.110248
165 0.757351 0.113780
166 0.761564 0.117371
167 0.765727 0.121020
168 0.769839 0.124726
169 0.773900 0.128488
170 0.777908 0.132307
171 0.781862 0.136180
172 0.785763 0.140108
173 0.789609 0.144090
174 0.793400 0.148124
175 0.797134 0.152211
176 0.800812 0.156348
177 0.804432 0.160537
178 0.807993 0.164775
179 0.811496 0.169061
180 0.814939 0.173396
181 0.818322 0.177778
182 0.821643 0.182207
183 0.824903 0.186681
184 0.828101 0.191200
185 0.831236 0.195762
186 0.834308 0.200368
187 0.837315 0.205015
188 0.840258 0.209704
189 0.843136 0.214433
190 0.845948 0.219202
191 0.848694 0.224008
192 0.851373 0.228853
193 0.853984 0.233734
194 0.856528 0.238650
195 0.859004 0.243602
196 0.861411 0.248587
197 0.863748 0.253605
198 0.866016 0.258655
199 0.868214 0.263736
200 0.870341 0.268847
201 0.872398 0.273986
202 0.874383 0.279154
203 0.876296 0.284349
204 0.878137 0.289569
205 0.879906 0.294815
206 0.881602 0.300084
207 0.883225 0.305377
208 0.884775 0.310691
209 0.886251 0.316027
210 0.887653 0.321382
211 0.888980 0.326756
212 0.890233 0.332149
213 0.891412 0.337557
214 0.892515 0.342982
215 0.893544 0.348422
216 0.894496 0.353875
217 0.895374 0.359341
218 0.896175 0.364818
219 0.896901 0.370306
220 0.897551 0.375804
221 0.898124 0.381310
222 0.898622 0.386823
223 0.899043 0.392343
224 0.899387 0.397868
225 0.899655 0.403397
226 0.899847 0.408930
227 0.899962 0.414464
228 0.900000 0.420000
229 0.099448 0.420000
230 0.104972 0.420000
231 0.110497 0.420000
232 0.116022 0.420000
233 0.121547 0.420000
234 0.127072 0.420000
235 0.132597 0.420000
236 0.138122 0.420000
237 0.143646 0.420000
238 0.149171 0.420000
239 0.154696 0.420000
240 0.160221 0.420000
241 0.165746 0.420000
242 0.171271 0.420000
243 0.176796 0.420000
244 0.182320 0.420000
245 0.187845 0.420000
246 0.193370 0.420000
247 0.198895 0.420000
248 0.204420 0.420000
249 0.209945 0.420000
250 0.215470 0.420000
251 0.220994 0.420000
252 0.226519 0.420000
253 0.232044 0.420000
254 0.237569 0.420000
255 0.243094 0.420000
256 0.248619 0.420000
257 0.254144 0.420000
258 0.259669 0.420000
259 0.265193 0.420000
260 0.270718 0.420000
261 0.276243 0.420000
262 0.281768 0.420000
263 0.287293 0.420000
264 0.292818 0.420000
265 0.298343 0.420000
266 0.303867 0.420000
267 0.309392 0.420000
268 0.314917 0.420000
269 0.320442 0.420000
270 0.325967 0.420000
271 0.331492 0.420000
272 0.337017 0.420000
273 0.342541 0.420000
274 0.348066 0.420000
275 0.353591 0.420000
276 0.359116 0.420000
277 0.364641 0.420000
278 0.370166 0.420000
279 0.375691 0.420000
280 0.381215 0.420000
281 0.386740 0.420000
282 0.392265 0.420000
283 0.397790 0.420000
284 0.403315 0.420000
285 0.408840 0.420000
286 0.414365 0.420000
287 0.419890 0.420000
288 0.425414 0.420000
289 0.430939 0.420000
290 0.436464 0.420000
291 0.441989 0.420000
292 0.447514 0.420000
293 0.453039 0.420000
294 0.458564 0.420000
295 0.464088 0.420000
296 0.469613 0.420000
297 0.475138 0.420000
298 0.480663 0.420000
299 0.486188 0.420000
300 0.491713 0.420000
301 0.497238 0.420000
302 0.502762 0.420000
303 0.508287 0.420000
304 0.513812 0.420000
305 0.519337 0.420000
306 0.524862 0.420000
307 0.530387 0.420000
308 0.535912 0.420000
309 0.541436 0.420000
310 0.546961 0.420000
311 0.552486 0.420000
312 0.558011 0.420000
313 0.563536 0.420000
314 0.569061 0.420000
315 0.574586 0.420000
316 0.580110 0.420000
317 0.585635 0.420000
318 0.591160 0.420000
319 0.596685 0.420000
320 0.602210 0.420000
321 0.607735 0.420000
322 0.613260 0.420000
323 0.618785 0.420000
324 0.624309 0.420000
325 0.629834 0.420000
326 0.635359 0.420000
327 0.640884 0.420000
328 0.646409 0.420000
329 0.651934 0.420000
330 0.657459 0.420000
331 0.662983 0.420000
332 0.668508 0.420000
333 0.674033 0.420000
334 0.679558 0.420000
335 0.685083 0.420000
336 0.690608 0.420000
337 0.696133 0.420000
338 0.701657 0.420000
339 0.707182 0.420000
340 0.712707 0.420000
341 0.718232 0.420000
342 0.723757 0.420000
343 0.729282 0.420000
344 0.734807 0.420000
345 0.740331 0.420000
346 0.745856 0.420000
347 0.751381 0.420000
348 0.756906 0.420000
349 0.762431 0.420000
350 0.767956 0.420000
351 0.773481 0.420000
352 0.779006 0.420000
353 0.784530 0.420000
354 0.790055 0.420000
355 0.795580 0.420000
356 0.801105 0.420000
357 0.806630 0.420000
358 0.812155 0.420000
359 0.817680 0.420000
360 0.823204 0.420000
361 0.828729 0.420000
362 0.834254 0.420000
363 0.839779 0.420000
364 0.845304 0.420000
365 0.850829 0.420000
366 0.856354 0.420000
367 0.861878 0.420000
368 0.867403 0.420000
369 0.872928 0.420000
370 0.878453 0.420000
371 0.883978 0.420000
372 0.889503 0.420000
373 0.895028 0.420000
374 0.900552 0.420000
374 1
1 1 2 1
2 2 3 1
3 3 4 1
4 4 5 1
5 5 6 1
6 6 7 1
7 7 8 1
8 8 9 1
9 9 10 1
10 10 11 1
11 11 12 1
12 12 13 1
13 13 14 1
14 14 15 1
15 15 16 1
16 16 17 1
17 17 18 1
18 18 19 1
19 19 20 1
20 20 21 1
21 21 22 1
22 22 23 1
23 23 24 1
24 24 25 1
25 25 26 1
26 26 27 1
27 27 28 1
28 28 29 1
29 29 30 1
30 30 31 1
31 31 32 1
32 32 33 1
33 33 34 1
34 34 35 1
35 35 36 1
36 36 37 1
37 37 38 1
38 38 39 1
39 39 40 1
40 40 41 1
41 41 42 1
42 42 43 1
43 43 44 1
44 44 45 1
45 45 46 1
46 46 47 1
47 47 48 1
48 48 49 1
49 49 50 1
50 50 51 1
51 51 52 1
52 52 53 1
53 53 54 1
54 54 55 1
55 55 56 1
56 56 57 1
57 57 58 1
58 58 59 1
59 59 60 1
60 60 61 1
61 61 62 1
62 62 63 1
63 63 64 1
64 64 65 1
65 65 66 1
66 66 67 1
67 67 68 1
68 68 69 1
69 69 70 1
70 70 71 1
71 71 72 1
72 72 73 1
73 73 74 1
74 74 75 1
75 75 76 1
76 76 77 1
77 77 78 1
78 78 79 1
79 79 80 1
80 80 81 1
81 81 82 1
82 82 83 1
83 83 84 1
84 84 85 1
85 85 86 1
86 86 87 1
87 87 88 1
88 88 89 1
89 89 90 1
90 90 91 1
91 91 92 1
92 92 93 1
93 93 94 1
94 94 95 1
95 95 96 1
96 96 97 1
97 97 98 1
98 98 99 1
99 99 100 1
100 100 101 1
101 101 102 1
102 102 103 1
103 103 104 1
104 104 105 1
105 105 106 1
106 106 107 1
107 107 108 1
108 108 109 1
109 109 110 1
110 110 111 1
111 111 112 1
112 112 113 1
113 113 114 1
114 114 115 1
115 115 116 1
116 116 117 1
117 117 118 1
118 118 119 1
119 119 120 1
120 120 121 1
121 121 122 1
122 122 123 1
123 123 124 1
124 124 125 1
125 125 126 1
126 126 127 1
127 127 128 1
128 128 129 1
129 129 130 1
130 130 131 1
131 131 132 1
132 132 133 1
133 133 134 1
134 134 135 1
135 135 136 1
136 136 137 1
137 137 138 1
138 138 139 1
139 139 140 1
140 140 141 1
141 141 142 1
142 142 143 1
143 143 144 1
144 144 145 1
145 145 146 1
146 146 147 1
147 147 148 1
148 148 149 1
149 149 150 1
150 150 151 1
151 151 152 1
152 152 153 1
153 153 154 1
154 154 155 1
155 155 156 1
156 156 157 1
157 157 158 1
158 158 159 1
159 159 160 1
160 160 161 1
161 161 162 1
162 162 163 1
163 163 164 1
164 164 165 1
165 165 166 1
166 166 167 1
167 167 168 1
168 168 169 1
169 169 170 1
170 170 171 1
171 171 172 1
172 172 173 1
173 173 174 1
174 174 175 1
175 175 176 1
176 176 177 1
177 177 178 1
178 178 179 1
179 179 180 1
180 180 181 1
181 181 182 1
182 182 183 1
183 183 184 1
184 184 185 1
185 185 186 1
186 186 187 1
187 187 188 1
188 188 189 1
189 189 190 1
190 190 191 1
191 191 192 1
192 192 193 1
193 193 194 1
194 194 195 1
195 195 196 1
196 196 197 1
197 197 198 1
198 198 199 1
199 199 200 1
200 200 201 1
201 201 202 1
202 202 203 1
203 203 204 1
204 204 205 1
205 205 206 1
206 206 207 1
207 207 208 1
208 208 209 1
209 209 210 1
210 210 211 1
211 211 212 1
212 212 213 1
213 213 214 1
214 214 215 1
215 215 216 1
216 216 217 1
217 217 218 1
218 218 219 1
219 219 220 1
220 220 221 1
221 221 222 1
222 222 223 1
223 223 224 1
224 224 225 1
225 225 226 1
226 226 227 1
227 227 228 1
228 229 230 1
229 230 231 1
230 231 232 1
231 232 233 1
232 233 234 1
233 234 235 1
234 235 236 1
235 236 237 1
236 237 238 1
237 238 239 1
238 239 240 1
239 240 241 1
240 241 242 1
241 242 243 1
242 243 244 1
243 244 245 1
244 245 246 1
245 246 247 1
246 247 248 1
247 248 249 1
248 249 250 1
249 250 251 1
250 251 252 1
251 252 253 1
252 253 254 1
253 254 255 1
254 255 256 1
255 256 257 1
256 257 258 1
257 258 259 1
258 259 260 1
259 260 261 1
260 261 262 1
261 262 263 1
262 263 264 1
263 264 265 1
264 265 266 1
265 266 267 1
266 267 268 1
267 268 269 1
268 269 270 1
269 270 271 1
270 271 272 1
271 272 273 1
272 273 274 1
273 274 275 1
274 275 276 1
275 276 277 1
276 277 278 1
277 278 279 1
278 279 280 1
279 280 281 1
280 281 282 1
281 282 283 1
282 283 284 1
283 284 285 1
284 285 286 1
285 286 287 1
286 287 288 1
287 288 289 1
288 289 290 1
289 290 291 1
290 291 292 1
291 292 293 1
292 293 294 1
293 294 295 1
294 295 296 1
295 296 297 1
296 297 298 1
297 298 299 1
298 299 300 1
299 300 301 1
300 301 302 1
301 302 303 1
302 303 304 1
303 304 305 1
304 305 306 1
305 306 307 1
306 307 308 1
307 308 309 1
308 309 310 1
309 310 311 1
310 311 312 1
311 312 313 1
312 313 314 1
313 314 315 1
314 315 316 1
315 316 317 1
316 317 318 1
317 318 319 1
318 319 320 1
319 320 321 1
320 321 322 1
321 322 323 1
322 323 324 1
323 324 325 1
324 325 326 1
325 326 327 1
326 327 328 1
327 328 329 1
328 329 330 1
329 330 331 1
330 331 332 1
331 332 333 1
332 333 334 1
333 334 335 1
334 335 336 1
335 336 337 1
336 337 338 1
337 338 339 1
338 339 340 1
339 340 341 1
340 341 342 1
341 342 343 1
342 343 344 1
343 344 345 1
344 345 346 1
345 346 347 1
346 347 348 1
347 348 349 1
348 349 350 1
349 350 351 1
350 351 352 1
351 352 353 1
352 353 354 1
353 354 355 1
354 355 356 1
355 356 357 1
356 357 358 1
357 358 359 1
358 359 360 1
359 360 361 1
360 361 362 1
361 362 363 1
362 363 364 1
363 364 365 1
364 365 366 1
365 366 367 1
366 367 368 1
367 368 369 1
368 369 370 1
369 370 371 1
370 371 372 1
371 372 373 1
372 373 374 1
373 1 229 1
374 228 374 1
0

==================================================
调用Triangle命令: /Users/zhaofen2/Desktop/work/SIG/triangle/triangle -pqa0.00002834 input
Triangle stdout: Opening input.poly.
Constructing Delaunay triangulation by divide-and-conquer method.
Recovering segments in Delaunay triangulation.
Removing unwanted triangles.
Adding Steiner points to enforce quality.

Writing input.1.node.
Writing input.1.ele.
Writing input.1.poly.

Statistics:

  Input vertices: 374
  Input segments: 374
  Input holes: 0

  Mesh vertices: 7065
  Mesh triangles: 13756
  Mesh edges: 20820
  Mesh exterior boundary edges: 372
  Mesh interior boundary edges: 0
  Mesh subsegments (constrained edges): 372


Triangle stderr: 
Mesh采样生成了 7067 个粒子
Generated particles: 7067
Common particles: 0
Total particles: 7067
Recording frame:  1
Recording frame:  2
Recording frame:  3
Recording frame:  4
Recording frame:  5
Recording frame:  6
Recording frame:  7
Recording frame:  8
Recording frame:  9
Recording frame:  10
Recording frame:  11
Recording frame:  12
Recording frame:  13
Recording frame:  14
Recording frame:  15
Recording frame:  16
Recording frame:  17
Recording frame:  18
Recording frame:  19
Recording frame:  20
Recording frame:  21
Recording frame:  22
Recording frame:  23
Recording frame:  24
Recording frame:  25
Recording frame:  26
Recording frame:  27
Recording frame:  28
Recording frame:  29
Recording frame:  30
Recording frame:  31
Recording frame:  32
Recording frame:  33
Recording frame:  34
Recording frame:  35
Recording frame:  36
Recording frame:  37
Recording frame:  38
Recording frame:  39
Recording frame:  40
Recording frame:  41
Recording frame:  42
Recording frame:  43
Recording frame:  44
Recording frame:  45
Recording frame:  46
Recording frame:  47
Recording frame:  48
Recording frame:  49
Recording frame:  50
Recording frame:  51
Recording frame:  52
Recording frame:  53
Recording frame:  54
Recording frame:  55
Recording frame:  56
Recording frame:  57
Recording frame:  58
Recording frame:  59
Recording frame:  60
Recording frame:  61
Recording frame:  62
Recording frame:  63
Recording frame:  64
Recording frame:  65
Recording frame:  66
Recording frame:  67
Recording frame:  68
Recording frame:  69
Recording frame:  70
Recording frame:  71
Recording frame:  72
Recording frame:  73
Recording frame:  74
Recording frame:  75
Recording frame:  76
Recording frame:  77
Recording frame:  78
Recording frame:  79
Recording frame:  80
Recording frame:  81
Recording frame:  82
Recording frame:  83
Recording frame:  84
Recording frame:  85
Recording frame:  86
Recording frame:  87
Recording frame:  88
Recording frame:  89
Recording frame:  90
Recording frame:  91
Recording frame:  92
Recording frame:  93
Recording frame:  94
Recording frame:  95
Recording frame:  96
Recording frame:  97
Recording frame:  98
Recording frame:  99
Recording frame:  100
Recording frame:  101
Recording frame:  102
Recording frame:  103
Recording frame:  104
Recording frame:  105
Recording frame:  106
Recording frame:  107
Recording frame:  108
Recording frame:  109
Recording frame:  110
Recording frame:  111
Recording frame:  112
Recording frame:  113
Recording frame:  114
Recording frame:  115
Recording frame:  116
Recording frame:  117
Recording frame:  118
